297.0523875  42.1893222  9.24
297.1577583  42.2135528  9.38
297.5745958  42.1968806 10.00
297.2743208  42.1940306 10.11
297.1017458  42.3232000 10.24
297.2030042  42.2618861 10.35
297.0505958  42.2799083 10.92
297.7653708  42.1911694 11.06
297.6237792  42.1428833 11.08
297.7559042  42.1896944 11.21
297.6010167  42.1421611 11.38
297.3486208  42.1713778 11.42
297.1286958  42.3158833 11.45
297.3130250  42.1727111 11.76
297.1706208  42.2087417 11.83
297.1208500  42.2603111 11.88
297.5116333  42.2316611 11.95
297.4866125  42.2450861 11.99
297.7037708  42.1483528 12.18
297.4706542  42.2962917 12.30
297.2361417  42.1787694 12.32
297.1382125  42.2600278 12.36
297.4364625  42.2622611 12.36
297.5150958  42.2588139 12.41
297.7046042  42.1477056 12.44
297.3931708  42.2022278 12.53
297.4810667  42.2730833 12.57
297.3963083  42.1650278 12.57
297.5710458  42.1396472 12.57
297.0568208  42.3867889 12.58
297.4362542  42.1815194 12.60
297.3455458  42.1395778 12.60
297.4308375  42.2049778 12.60
297.7618958  42.1262444 12.63
297.1477750  42.2287083 12.63
297.2100792  42.2436194 12.65
297.5605542  42.2790722 12.65
297.5092375  42.2821583 12.67
297.6071333  42.2700222 12.67
297.0874125  42.2776167 12.69
297.4763875  42.1665556 12.71
297.4816958  42.1678333 12.73
297.0688042  42.2783694 12.78
297.4980708  42.1337306 12.80
297.1886417  42.1873028 12.83
297.0672542  42.1542333 12.87
297.4455375  42.2866028 12.89
297.2781667  42.1662111 12.91
297.4948583  42.1409028 12.91
297.6292125  42.1432944 12.92
297.6862125  42.2038417 12.95
297.2920708  42.1988611 12.99
297.6075292  42.2710444 13.00
297.2771125  42.1667583 13.01
297.0990458  42.2337972 13.01
297.6500583  42.2181917 13.02
297.5942500  42.2545972 13.03
297.6084208  42.2672472 13.03
297.1928375  42.1947694 13.05
297.7437250  42.2295667 13.06
297.6855833  42.1929972 13.08
297.1423625  42.2211361 13.08
297.3207542  42.1299639 13.08
297.3033375  42.1261306 13.10
297.2626917  42.1402639 13.12
297.6735292  42.2842083 13.13
297.6089208  42.2170444 13.13
297.7033458  42.1946306 13.15
297.1212667  42.3840028 13.16
297.4250708  42.1735194 13.22
297.0972250  42.2616417 13.23
297.1237042  42.2158639 13.24
297.2944667  42.1928361 13.27
297.3891375  42.2309861 13.32
297.1875125  42.1815056 13.34
297.6824542  42.1840278 13.35
297.7663458  42.2029528 13.35
297.6872458  42.2391778 13.37
297.0849542  42.3862583 13.37
297.1378208  42.1871639 13.37
297.2346000  42.2347250 13.39
297.2426958  42.1308167 13.42
297.2788125  42.2544639 13.44
297.2019875  42.2859222 13.49
297.7236625  42.1399194 13.50
297.2845125  42.1354111 13.54
297.6356708  42.2969778 13.57
297.5437708  42.2601944 13.59
297.4017292  42.2408361 13.59
297.2692417  42.2683361 13.61
297.3036292  42.1425139 13.63
297.2333708  42.2871222 13.65
297.0780917  42.2492694 13.66
297.2687958  42.2367056 13.66
297.6756458  42.1234028 13.67
297.1408625  42.1458333 13.68
297.0924833  42.1941306 13.71
297.4706292  42.1634139 13.72
297.3509125  42.1840083 13.72
297.4027375  42.2658056 13.76
297.4201875  42.2380972 13.77
297.6381292  42.2899222 13.78
297.4039667  42.2556583 13.79
297.0710708  42.1974889 13.81
297.1046000  42.3556056 13.81
297.7248250  42.1837500 13.82
297.6689542  42.1507389 13.84
297.3215958  42.2937778 13.85
297.1456625  42.2064750 13.85
297.0712792  42.3676444 13.85
297.6254458  42.2518194 13.85
297.7349833  42.1543444 13.88
297.2081500  42.2014111 13.88
297.4967333  42.1783111 13.88
297.2140792  42.2008750 13.89
297.1478292  42.1478444 13.89
297.1852958  42.2393111 13.90
297.7277917  42.2216806 13.93
297.2912458  42.1801167 13.93
297.5487333  42.1239222 13.94
297.0752083  42.3076194 13.94
297.6176042  42.1529056 13.94
297.7634333  42.2528194 13.95
297.1311958  42.3778722 13.96
297.5438208  42.1301944 13.97
297.1918792  42.1745056 13.97
297.2746458  42.2744250 13.99
297.3121208  42.2599944 13.99
297.5900917  42.1742667 13.99
297.1474625  42.1469000 14.00
297.5972042  42.1316694 14.00
297.5769125  42.2366028 14.00
297.7067625  42.1466778 14.01
297.7404542  42.1418833 14.01
297.4341458  42.1647972 14.01
297.6870208  42.2045472 14.01
297.3545792  42.2988750 14.02
297.4243375  42.2316056 14.02
297.0971625  42.2005639 14.04
297.7584167  42.1527722 14.05
297.7616792  42.2847111 14.05
297.2376292  42.1374750 14.06
297.0937542  42.3429056 14.06
297.3079958  42.1910944 14.06
297.6513208  42.2606972 14.07
297.5865208  42.1832833 14.07
297.1304875  42.1857639 14.11
297.7366167  42.2896444 14.13
297.2843542  42.1649306 14.16
297.4861125  42.2321000 14.17
297.5160625  42.2424167 14.19
297.5011042  42.2216389 14.19
297.7177417  42.1557139 14.19
297.4201250  42.1612861 14.20
297.2641125  42.2539389 14.20
297.1234042  42.1854500 14.20
297.6989208  42.2729611 14.20
297.7437542  42.2314444 14.21
297.2085958  42.2223083 14.22
297.3798625  42.1611750 14.22
297.5343250  42.1828861 14.23
297.5316708  42.2346861 14.25
297.7497875  42.1603167 14.25
297.4283625  42.2557528 14.25
297.2694292  42.2210722 14.28
297.3338542  42.1939861 14.28
297.6036208  42.1382583 14.28
297.7071792  42.2238750 14.29
297.4069375  42.1229889 14.30
297.7218708  42.1728972 14.32
297.0770625  42.3339000 14.32
297.2878083  42.2933111 14.32
297.3582375  42.1987778 14.32
297.4562833  42.2297583 14.34
297.2693125  42.2474250 14.35
297.5387375  42.2683306 14.35
297.7357125  42.2735861 14.35
297.2951500  42.1386861 14.38
297.1066125  42.2892917 14.38
297.4348250  42.2792417 14.40
297.1440375  42.1700556 14.40
297.5558042  42.2496528 14.41
297.7568042  42.2463917 14.42
297.7182708  42.2235028 14.42
297.6159292  42.1777694 14.43
297.7515375  42.1967972 14.44
297.3448292  42.1771111 14.44
297.2236583  42.1937278 14.44
297.5738500  42.1519778 14.46
297.0500625  42.2874500 14.46
297.1119208  42.1460250 14.47
297.2551167  42.2199750 14.48
297.1867833  42.2294472 14.49
297.6495958  42.2497306 14.49
297.6172542  42.2144389 14.49
297.6026125  42.1675472 14.50
297.5238417  42.1950833 14.50
297.3877542  42.1560500 14.52
297.0574792  42.2054556 14.53
297.2363542  42.2138833 14.53
297.1696042  42.2934528 14.53
297.5524958  42.2600500 14.53
297.4379417  42.2852389 14.54
297.2587417  42.2019778 14.54
297.2600875  42.2095306 14.55
297.6977833  42.1324806 14.55
297.6163792  42.2941111 14.55
297.0557375  42.1613389 14.55
297.2351625  42.2317889 14.55
297.3222958  42.2651306 14.55
297.6490750  42.1643639 14.56
297.6490583  42.2046889 14.56
297.5502708  42.1782111 14.56
297.5894750  42.1536750 14.57
297.0650167  42.3557861 14.58
297.4307792  42.1609000 14.59
297.3305750  42.1427194 14.59
297.4696833  42.1912111 14.59
297.6248667  42.1309694 14.61
297.3695708  42.2586167 14.61
297.7093542  42.1617528 14.62
297.6194875  42.2491111 14.62
297.3206417  42.2830111 14.63
297.0673833  42.1458806 14.63
297.4030708  42.1247083 14.63
297.1091042  42.2213000 14.65
297.7653375  42.2332222 14.65
297.5099792  42.2549306 14.66
297.5593292  42.2757500 14.66
297.6438042  42.1967611 14.66
297.0582875  42.3844361 14.66
297.3059375  42.1881306 14.67
297.5262958  42.1404194 14.68
297.0545958  42.3933028 14.69
297.4074667  42.2473444 14.69
297.1538667  42.2134194 14.69
297.4824375  42.2886889 14.72
297.3501167  42.2064667 14.73
297.4382125  42.2770056 14.73
297.1313750  42.2231028 14.73
297.1900000  42.1346306 14.74
297.3281583  42.2046194 14.74
297.4110583  42.1283306 14.75
297.2287708  42.1358583 14.75
297.2588833  42.2387278 14.75
297.3419625  42.2540778 14.76
297.6152042  42.2718944 14.76
297.1499333  42.2747139 14.78
297.7161000  42.1238806 14.78
297.3734833  42.2465833 14.79
297.6597042  42.2373083 14.79
297.6902958  42.2482056 14.80
297.0703500  42.2334000 14.81
297.1441792  42.2491806 14.82
297.3554167  42.2471361 14.82
297.1099625  42.3861000 14.82
297.7304458  42.2645833 14.82
297.4772708  42.2321722 14.82
297.6707125  42.2446500 14.82
297.3793375  42.1460306 14.82
297.4667292  42.2810917 14.82
297.5645250  42.1340167 14.84
297.5951167  42.2871361 14.84
297.2809375  42.1851250 14.85
297.2818417  42.1546667 14.86
297.0524042  42.3030667 14.87
297.4047417  42.1414500 14.87
297.3937125  42.2786806 14.87
297.7630083  42.2335167 14.87
297.6807458  42.1430389 14.87
297.6197875  42.1700556 14.87
297.5107667  42.1892944 14.88
297.2898125  42.1808500 14.88
297.3902833  42.2941583 14.88
297.6835167  42.2536833 14.88
297.4822708  42.1862222 14.88
297.1132875  42.1795722 14.88
297.0598417  42.1399917 14.88
297.2548042  42.1740056 14.89
297.4227042  42.1782167 14.89
297.3050458  42.1739389 14.89
297.5413875  42.2758889 14.91
297.6859875  42.1461500 14.91
297.2766792  42.2257389 14.91
297.6181958  42.2038417 14.92
297.4441625  42.1811444 14.92
297.2784625  42.1945028 14.92
297.1194708  42.2080472 14.92
297.6042708  42.2000000 14.93
297.5001792  42.2918361 14.94
297.2987417  42.1670750 14.94
297.3607500  42.2578611 14.94
297.6572958  42.2415917 14.95
297.6176125  42.1883972 14.95
297.7507792  42.1533917 14.95
297.1125708  42.3096889 14.95
297.1167708  42.2501750 14.95
297.7617250  42.1694944 14.96
297.6567208  42.2549389 14.96
297.7549167  42.2803000 14.96
297.0930292  42.2772667 14.96
297.1326625  42.2801944 14.96
297.2739458  42.2874861 14.98
297.2312917  42.2393056 14.98
297.5837500  42.1500944 14.98
297.6222875  42.1671583 14.98
297.2930458  42.1481722 14.98
297.7370125  42.2266806 14.98
297.2674125  42.2898556 14.98
297.1007042  42.1565528 14.98
297.1352292  42.3460667 14.99
297.6004542  42.1719611 14.99
297.4935042  42.2728000 14.99
297.5342875  42.1815528 14.99
297.0616542  42.3733889 15.00
297.0796542  42.2789889 15.00
297.4955708  42.2869278 15.00
297.3975083  42.2363250 15.00
297.5147792  42.2397056 15.01
297.4919667  42.2558500 15.01
297.6051875  42.1326083 15.01
297.5936333  42.2229056 15.02
297.2698250  42.1333278 15.03
297.2285958  42.1729111 15.03
297.2795792  42.2411750 15.03
297.6168208  42.2265694 15.05
297.5146458  42.2568333 15.05
297.7401083  42.1489556 15.05
297.6419125  42.1277306 15.06
297.2257458  42.2013333 15.06
297.5727458  42.2386389 15.06
297.4329250  42.1249444 15.06
297.2209708  42.2547194 15.07
297.1195208  42.1970806 15.07
297.3829375  42.2795806 15.08
297.5345583  42.2042222 15.08
297.2265542  42.2929083 15.08
297.0773958  42.3427611 15.09
297.0914667  42.3276472 15.09
297.1420083  42.2532583 15.10
297.3211083  42.1860083 15.10
297.4678375  42.2214722 15.10
297.7610750  42.2056250 15.10
297.7650708  42.2178250 15.11
297.3526500  42.2318139 15.12
297.0588292  42.2539500 15.12
297.5659375  42.2722667 15.12
297.1965042  42.1323306 15.12
297.7175708  42.2836333 15.12
297.5467083  42.2002778 15.13
297.6831375  42.2725250 15.13
297.7130250  42.1740889 15.13
297.5416458  42.2977778 15.13
297.1129125  42.3340722 15.14
297.7644542  42.2071028 15.14
297.1369083  42.2502861 15.14
297.4315042  42.1375250 15.15
297.1340583  42.1596528 15.16
297.2194375  42.2597750 15.16
297.1619958  42.2187139 15.16
297.2033792  42.1947556 15.16
297.6901208  42.2131028 15.17
297.7082667  42.1325167 15.19
297.7010875  42.1259722 15.19
297.5369375  42.2176083 15.19
297.5986417  42.2260750 15.19
297.7356458  42.2272944 15.19
297.6142917  42.2984500 15.20
297.5917625  42.2423139 15.21
297.3870833  42.1875056 15.22
297.3189625  42.2177222 15.22
297.5108125  42.2556583 15.22
297.4673208  42.2585444 15.22
297.0516125  42.3044361 15.22
297.1627625  42.2565028 15.23
297.1757542  42.1254583 15.23
297.7196750  42.2599111 15.23
297.2128958  42.2512972 15.23
297.7155208  42.2479167 15.23
297.5221458  42.1262833 15.23
297.5789625  42.1619111 15.23
297.2024917  42.2691944 15.24
297.1854750  42.2252639 15.24
297.3122542  42.1251056 15.24
297.4285792  42.1303639 15.24
297.1484625  42.1622389 15.24
297.5322375  42.2261556 15.24
297.5350958  42.1838139 15.24
297.7669708  42.2463056 15.26
297.3721625  42.1391639 15.26
297.4860333  42.1664806 15.26
297.1090833  42.1630306 15.26
297.4854875  42.1984389 15.26
297.3082375  42.1644556 15.27
297.4942708  42.2450806 15.27
297.4991792  42.1428139 15.28
297.4307208  42.2457306 15.29
297.4570792  42.1374778 15.29
297.3159500  42.1785111 15.29
297.6988792  42.1823583 15.30
297.2198500  42.2764722 15.30
297.6834208  42.2905472 15.30
297.3143958  42.1456111 15.30
297.1953875  42.2419056 15.31
297.2899375  42.2963361 15.31
297.0763875  42.1645167 15.31
297.1176625  42.1261778 15.31
297.6278958  42.2727556 15.31
297.3702375  42.2654056 15.31
297.3820458  42.2453306 15.31
297.1442875  42.1759250 15.33
297.2818875  42.2741333 15.33
297.7534292  42.2804778 15.33
297.7500292  42.1717389 15.33
297.4590000  42.2553250 15.33
297.5697708  42.2186639 15.33
297.4487958  42.2929889 15.34
297.7370333  42.1473389 15.34
297.1236083  42.1760333 15.34
297.3742125  42.2584417 15.35
297.3365125  42.2281278 15.35
297.3616542  42.2552694 15.36
297.1448542  42.1416056 15.36
297.3216583  42.1441389 15.36
297.5133792  42.2336667 15.36
297.3523625  42.1272750 15.36
297.0520042  42.1835222 15.36
297.2740792  42.1992861 15.37
297.1720042  42.2934972 15.37
