297.4402107  42.3460433 -14.81
297.4834157  42.3208842 -13.27
297.5296731  42.3437999 -12.87
297.4752971  42.3691995 -12.83
297.2745040  42.3707225 -12.73
297.4739931  42.2936644 -12.20
297.3039078  42.4440800 -12.12
297.2824109  42.4809276 -11.95
297.4819385  42.3238318 -11.88
297.5648342  42.3576530 -11.85
297.4844259  42.4524702 -11.83
297.4845121  42.2704720 -11.74
297.5126672  42.2794908 -11.60
297.4449673  42.4774576 -11.36
297.3100232  42.3794686 -11.29
297.2286596  42.4901929 -11.20
297.3157871  42.3635991 -11.12
297.3447463  42.4060799 -10.97
297.4587475  42.4396322 -10.97
297.4107204  42.3279795 -10.88
297.2773179  42.4147957 -10.86
297.3730580  42.3432517 -10.84
297.4486034  42.3026423 -10.74
297.4002014  42.4456061 -10.67
297.5074174  42.4665781 -10.63
297.3715436  42.4260719 -10.52
297.2779838  42.2720833 -10.51
297.2442210  42.5062455 -10.39
297.3853849  42.4236126 -10.39
297.4452916  42.4058790 -10.33
297.5815079  42.3244477 -10.29
297.4059511  42.2632784 -10.27
297.4482791  42.3864500 -10.27
297.5606299  42.4365226 -10.25
297.3248210  42.2912555 -10.20
297.3327910  42.4947242 -10.17
297.3031186  42.3444854 -10.15
297.2874706  42.4681191 -10.13
297.4991279  42.3954562 -10.10
297.3764368  42.3633219 -10.05
297.3191909  42.4327313 -10.03
297.5142919  42.4224485 -9.95
297.2983787  42.2993026 -9.88
297.5057113  42.3134196 -9.83
297.2609737  42.3426794 -9.83
297.4775062  42.3103519 -9.81
297.5326497  42.4677381 -9.81
297.3579343  42.2963517 -9.80
297.2912458  42.4869357 -9.77
297.5018916  42.4160428 -9.75
297.3393977  42.3651042 -9.67
297.4892926  42.4520124 -9.67
297.2723988  42.2661423 -9.67
297.3154421  42.2577573 -9.60
297.5202983  42.3365699 -9.60
297.2384468  42.4717550 -9.57
297.4874157  42.5023382 -9.54
297.5421151  42.2655100 -9.53
297.5473552  42.2571609 -9.50
297.3502516  42.4337565 -9.49
297.4717625  42.4080279 -9.45
297.3554829  42.2986552 -9.41
297.5712082  42.4704653 -9.39
297.4113158  42.3348239 -9.38
297.3624501  42.3310127 -9.38
297.5521748  42.5008231 -9.34
297.3032509  42.4055721 -9.34
297.2817796  42.3838699 -9.31
297.5501957  42.4089443 -9.30
297.4412903  42.2826581 -9.29
297.2822866  42.4905367 -9.28
297.5634001  42.3234918 -9.26
297.3549380  42.3904228 -9.24
297.3239460  42.2804836 -9.23
297.5781926  42.3564220 -9.21
297.5460222  42.5135159 -9.19
297.3949562  42.3415318 -9.18
297.4381773  42.2766201 -9.18
297.3696479  42.4073577 -9.16
297.3339626  42.3807559 -9.13
297.5836832  42.4852301 -9.11
297.5090309  42.3458751 -9.10
297.4611519  42.4595417 -9.10
297.2302023  42.4443696 -9.08
297.3056870  42.3066967 -9.08
297.3772947  42.4402294 -9.07
297.5094652  42.3855510 -9.02
297.5452287  42.5105537 -8.99
297.4053832  42.3439978 -8.99
297.2998367  42.4699178 -8.98
297.2555299  42.4111842 -8.97
297.3237257  42.3800467 -8.95
297.3871072  42.5176092 -8.91
297.3867155  42.4741723 -8.89
297.5555025  42.3683129 -8.88
297.5763625  42.4642701 -8.87
297.5793863  42.3557750 -8.85
297.5334859  42.3255171 -8.84
297.3459640  42.3472720 -8.83
297.4222079  42.3430353 -8.82
297.4486879  42.2840706 -8.81
297.5277396  42.5146582 -8.80
297.3223426  42.3396799 -8.79
297.5327329  42.4903043 -8.79
297.4312499  42.4654211 -8.78
