297.4399321  42.3459227 -14.81
297.4829700  42.3206079 -13.27
297.5293786  42.3433563 -12.87
297.4751714  42.3689519 -12.83
297.2743907  42.3712000 -12.73
297.4733673  42.2934224 -12.20
297.3042798  42.4444505 -12.12
297.2830271  42.4813753 -11.95
297.4815123  42.3235608 -11.88
297.5646310  42.3570822 -11.85
297.4848513  42.4521887 -11.83
297.4837327  42.2701923 -11.74
297.5119471  42.2791093 -11.60
297.4455586  42.4773183 -11.36
297.3099674  42.3798178 -11.29
297.2293378  42.4908346 -11.20
297.3156262  42.3639276 -11.12
297.3448663  42.4063033 -10.97
297.4590882  42.4394435 -10.97
297.4103226  42.3279656 -10.88
297.2774964  42.4152626 -10.86
297.3727617  42.3433737 -10.84
297.4480374  42.3024919 -10.74
297.4005824  42.4456288 -10.67
297.5079359  42.4662134 -10.63
297.3717956  42.4261983 -10.52
297.2772175  42.2725495 -10.51
297.2450053  42.5068308 -10.39
297.3856204  42.4236891 -10.39
297.4454090  42.4057393 -10.33
297.5810846  42.3238171 -10.29
297.4051250  42.2632825 -10.27
297.4482679  42.3862998 -10.27
297.5609488  42.4359661 -10.25
297.3241811  42.2915523 -10.20
297.3334979  42.4949898 -10.17
297.3028313  42.3448599 -10.15
297.2880020  42.4685487 -10.13
297.4991757  42.3951222 -10.10
297.3762733  42.3634314 -10.05
297.3194876  42.4330467 -10.03
297.5145182  42.4220595 -9.95
297.2977924  42.2996948 -9.88
297.5052159  42.3130629 -9.83
297.2606750  42.3432061 -9.83
297.4769909  42.3100970 -9.81
297.5331756  42.4672822 -9.81
297.3573277  42.2965288 -9.80
297.2919017  42.4873514 -9.77
297.5020756  42.4156986 -9.75
297.3392465  42.3653475 -9.67
297.4897149  42.4517133 -9.67
297.2715932  42.2666287 -9.67
297.3145805  42.2580884 -9.60
297.5199560  42.3361602 -9.60
297.2390028  42.4723616 -9.57
297.4881712  42.5020453 -9.54
297.5413021  42.2650224 -9.53
297.5464869  42.2566544 -9.50
297.3505547  42.4339597 -9.49
297.4718938  42.4077926 -9.45
297.3548916  42.2988412 -9.41
297.5717517  42.4698701 -9.39
297.4109633  42.3348078 -9.38
297.3620729  42.3311731 -9.38
297.5529195  42.5002963 -9.34
297.3033680  42.4059454 -9.34
297.2817533  42.3843210 -9.31
297.5503322  42.4084258 -9.30
297.4405921  42.2825344 -9.29
297.2829664  42.4909847 -9.28
297.5629707  42.3229266 -9.26
297.3549542  42.3906096 -9.24
297.3232348  42.2807837 -9.23
297.5779810  42.3558030 -9.21
297.5468510  42.5130112 -9.19
297.3946483  42.3415747 -9.18
297.4374391  42.2765077 -9.18
297.3697760  42.4074912 -9.16
297.3339151  42.3810186 -9.13
297.5843243  42.4845897 -9.11
297.5087503  42.3455060 -9.10
297.4616244  42.4593441 -9.10
297.2305771  42.4450063 -9.08
297.3051495  42.3070624 -9.08
297.3776403  42.4403349 -9.07
297.5094473  42.3851798 -9.02
297.5460379  42.5100519 -8.99
297.4050915  42.3440030 -8.99
297.3003798  42.4703027 -8.98
297.2556847  42.4117298 -8.97
297.3236736  42.3803464 -8.95
297.3879650  42.5176783 -8.91
297.3872857  42.4742434 -8.89
297.5553699  42.3677757 -8.88
297.5768649  42.4636564 -8.87
297.5791704  42.3551517 -8.85
297.5330703  42.3250599 -8.84
297.3456946  42.3474918 -8.83
297.4219096  42.3429798 -8.82
297.4479989  42.2839201 -8.81
297.5285762  42.5142195 -8.80
297.3220233  42.3399851 -8.79
297.5334082  42.4898479 -8.79
297.4317617  42.4653314 -8.78
